6
2
10
5
8
5
7
6
11
4
2
5
1
8
6
3
4
5
8
2
7
5
5
5
5
1
6
3
4
3
3
4
6
4
3
6
3
11
9
4
3
5
4
3
8
6
6
6
6
5
7
6
4
3
5
7
2
3
4
5
4
6
10
5
5
5
6
8
5
4
3
5
2
6
3
10
3
3
4
2
10
4
10
4
5
8
10
3
6
13
3
3
5
5
1
4
1
1
6
5
9
4
5
10
5
2
1
6
5
1
1
4
18
6
2
3
6
3
3
3
4
2
5
5
3
5
2
3
4
3
3
5
51
3
3
6
4
7
3
7
3
6
4
2
2
2
10
4
5
3
3
7
2
2
16
7
7
6
1
4
9
4
2
8
7
12
3
8
4
2
5
4
3
5
5
2
4
6
4
8
3
4
2
7
7
2
6
5
4
5
2
3
8
7
4
7
3
5
8
2
6
5
7
7
2
10
3
1
1
4
7
5
7
4
7
4
4
1
7
4
4
4
1
10
4
5
9
9
6
3
4
4
4
3
6
3
16
4
2
4
6
7
5
6
5
5
5
2
4
11
3
9
9
2
3
4
3
3
5
9
2
14
8
4
14
4
4
2
14
5
3
2
4
2
7
5
2
4
2
5
7
2
5
5
10
3
10
5
8
10
2
12
16
4
10
9
5
6
3
7
